96867283
103342678
79991901
97888042
74399638
90215167
95529716
84923326
79767894
75895288
80200856
77547787
90212800
100007643
83310126
94165399
86931178
78798460
74324099
79886951
88690006
83032937
108215142
94661389
96803607
98537128
78194070
94779968
100877372
90703690
95311297
89078997
90792125
83593191
107272870
94339242
102698888
97812848
76306703
81864805
80022715
98449928
91354828
85124685
81031770
75829852
81308478
93612941
82015496
75372211
89306401
75008501
90559135
94204097
89079282
90219827
96646695
108682551
85480588
105791325
92632622
74793433
90441708
85132442
102180360
75709411
95986466
93314245
106724429
90810407
86081970
83791900
97196159
96748719
86777981
80687845
89851993
98924139
109006403
92859788
91933600
85471532
98994021
94141508
91087188
97316415
100886777
85476253
103659562
89383839
90853749
83901142
106877506
95624486
75198699
90342759
77659441
85763357
82439280
90212839
102648889
93817119
105277173
78542637
88000309
90199111
98702971
80589261
92716740
97595429
89893808
103858261
97964219
91819539
98935273
105960469
99256434
99028323
107062463
96659800
92855631
74081860
89012732
95267730
87088459
101068988
79139768
81424978
82352315
81447963
88461322
92634530
104353551
103974011
108684269
97093798
96434050
86176482
84771025
99157825
89305459
94095088
98515807
103428201
94637925
97104987
96381955
105178337
103850495
77793324
75536360
75121356
97551624
90115537
80902930
106379485
107324873
86713935
99002913
87391641
93883757
106622924
77191495
109009877
81307389
96155122
91182546
93108817
93391061
90560000
108633618
100449542
94270724
107355927
78520164
105034520
83605571
99405491
107584325
92457678
79213205
81876094
100019721
93288045
89665515
82621745
89536866
104866427
80081899
98318883
101427370
88978535
95403333
105285574
75060576
89736758
91712416
86926954
98495221
108150328
75895722
79240226
94757931
90770363
85876663
95107143
81272058
101356764
75179772
94474320
80911410
74863798
79694202
82931422
86294239
108872462
77889068
105754149
86570185
88246952
85470103
97993817
86425003
86233552
87161659
79299631
93002867
96912567
81953761
92695279
108250354
83680248
80919053
95684383
99019576
88790162
86346793
94289029
87801027
95191116
91023642
109009761
86217533
82737262
103108513
91968684
104102343
88478296
87725614
108682521
94476592
94924988
84773270
87463296
87279830
88461749
79150005
78187056
79703735
87157173
96887898
91218403
77551338
95037174
81617168
91673089
78800429
99921467
100449043
83718584
79370955
85227181
83960766
79897420
82910145
99907117
75008267
96312367
89179273
86245441
97295721
79983413
106922182
97105771
92325046
85938409
81789689
93311711
105805552
87646716
105262769
76025150
83980539
95802745
87942451
87195468
105622070
90098520
77367884
82580575
91579092
94462078
75218267
90705906
93302099
103386593
87931631
81273799
90955694
100258355
81768386
96532559
91914078
95909731
81849201
89125428
93102563
105851718
80563576
84099177
95768354
82831551
92876275
75385439
74388199
92726119
97044260
87755345
79303216
85707298
95307311
89590030
94344211
92250370
86454743
91273412
86504259
94104730
97360952
77386658
95093155
93761731
89375414
91890955
106967451
78536924
96380251
100659495
94492289
105049380
80234885
79877294
80026451
89799634
96329336
96539300
95093098
84056424
88104524
99936788
86160798
87427040
106054496
81260542
86663829
108321489
104345112
100622685
88979168
79526315
94515347
79483453
109009789
90206259
97380541
94388461
81635976
85665113
94922874
89263379
106256585
105108795
75129061
74425484
90272141
81731945
108728535
87256079
97692910
89208212
86001506
78431459
84544440
96861613
81137162
105267265
91793626
98822854
102995999
75159890
77377530
108377482
75499246
87490338
77901803
103481314
90909143
97117516
75624795
90206085
91141188
91707351
100259505
105055194
88970366
84369160
90774938
99078645
104929653
107298854
92829257
75606915
99636554
96610120
93651898
88165161
108682580
76766240
98129739
92283731
86734700
77512985
75120933
77449591
98666187
95817437
79608252
83190745
98525219
84106144
81492122
85478281
108210338
95104103
98229397
77367370
108827208
99112951
95343225
86005752
97593766
103886132
96401116
74984727
88270413
101430623
79139386
94578305
92209414
88187393
98205592
83430003
88579738
89053419
93621715
84099918
81614131
79566043
107201561
83641034
85478276
97117675
106755701
82870293
89897997
84339693
92529935
83791894
108682589
89716109
109009768
87743786
80057829
93922121
94615914
97107077
93005759
77821650
90984337
84989749
79827365
91688922
87489930
91433219
81953058
86656407
86056750
98741868
91576710
76613700
87269434
78206470
75283360
80072811
109009752
80116853
106873116
88975352
96732138
103944913
94307297
79605437
84630673
94993534
89571747
81340739
88664217
108067598
80163240
95578262
91828608
81795459
78891145
86083532
87356052
83120627
90903427
86926071
90465754
86552347
97318408
96857030
97073266
92696286
85624842
108749993
88602140
79263305
87267588
93875407
81508324
93225558
87427913
89841949
79572061
85342464
74360909
90112315
79543857
95320299
104473122
79738387
101331254
102324658
98372069
88129025
82142845
108734416
76428016
97842456
87423262
79869645
82728330
105743309
91761087
80475144
91736683
85989475
109017190
97861982
97997501
105058602
78894431
90656481
77484886
82108430
77216417
80258629
106033745
78821870
89861293
87221187
85471491
108871527
94069998
75843241
88230797
90385604
75962349
99416355
95200048
95656122
107228907
92532616
88433769
97992991
103840786
81177020
79001071
79956655
75693086
89362036
74271822
88410979
94626874
77952801
94062884
87419875
77808735
91158350
107442188
95213710
108872213
102490446
81947615
105947044
98510894
77817117
85264256
95235192
104027922
81977365
80446245
102652821
76044396
108376693
86646916
96820757
90524868
89878994
79564176
95583967
91840567
94870677
86969299
76553333
100203668
105336682
93738544
93933288
109009753
90316811
86453656
95467844
77448356
76113879
82910463
87034327
95131265
87661750
87267651
87880811
85252250
108315728
90278614
92795338
74984127
94389735
79489319
101026259
94332772
103545501
83008494
84495614
81788675
100167202
94956674
91087192
98746484
91933637
96531188
91338024
75020668
100489090
88130793
94879248
85471489
108800233
95201400
97993048
83963058
99743755
79607757
94396746
95917108
104609187
93674187
102785554
80283792
93112287
92961274
84382445
81798609
100965127
79646287
97469477
84086154
107618528
79525638
74366371
90138819
94960639
91849169
86646911
106417067
74161610
85227515
89037710
80352957
99681048
94260564
90445180
89343035
79058911
87140520
93611889
82108425
96697264
89963039
89976565
88070999
87210709
81665863
83450628
79149985
90634519
108347300
96259005
79688742
77318125
96935774
88091255
74379607
92630437
82943512
84746292
78326730
89902981
81800815
75624453
90214786
78778031
95307173
92307553
90603806
80234999
97993815
82116074
84847236
100934653
87487714
79598313
86921755
74474293
101528065
103907449
95585062
88737109
93276987
100636222
84185864
92638064
83611516
93883488
78136601
76954841
104225518
108682503
83312603
91737460
85342429
79410164
96994751
108330380
108139231
90082747
97131563
95984395
93772898
91468993
89853396
91579210
108134749
87604438
90465377
99161879
89711969
89237746
94702937
91258832
101261184
86046808
91432842
108861755
90773236
86626230
91050952
86683690
96962148
79703223
88463856
87411504
84307386
97889638
97334212
95065087
88980069
91439478
92827592
99593308
85806876
79329304
87479385
75918646
95730509
94488472
75734196
83004517
77759754
96966107
107177086
86293033
85471509
82957618
84965318
89390331
107347639
103819238
88263733
88439880
75002895
84075065
84056637
102996015
81229980
95188595
76735064
101533438
89978373
84599535
82498911
75149955
98765946
94999929
92226713
100721580
86042268
75543017
85595517
95095702
91712429
90284015
94830211
79329974
94017402
80435697
95899495
97993837
91694753
92005057
90212941
79702020
79244989
92639709
97036335
85360075
84003237
89302184
83402329
77476392
105340993
94260824
94539821
74523552
88147860
108586235
95023502
80761147
98886281
74383240
107647190
107863374
77449582
77854976
102944440
76967243
91600465
80312860
108896119
90944329
78229754
101809148
108682556
75039355
102966362
97993838
90156675
85854765
95274436
92482539
93192428
88434437
97153604
107478789
77684346
78355347
75965858
83360556
84231500
103287245
90745618
79596487
88381339
109009854
82380906
90891659
83353585
95710733
86925101
108682544
85804614
88202286
85482621
90939829
89512366
89527973
89800566
96624226
101110041
106929796
105337374
92519810
97993003
109009750
93330011
86419338
102996016
95624607
89000913
84239391
106124556
86922302
86031964
85391741
94234899
95884413
83991124
91180516
80127367
97896925
98276339
104654729
81007892
106972819
102996009
104711411
92100582
79679405
91483732
91672728
93292055
76594965
87905222
98276761
83961602
87663376
93091029
90270475
97993847
97993105
97993852
75150442
97993013
80490712
82493593
100555516
79287315
78733874
75537894
90772817
95646384
90645252
88769209
90338694
92949717
82347652
92912824
82370383
97689093
91664895
87764970
80746012
83084734
95612181
80376024
84005709
101253033
99228827
108081011
79458491
78173897
104973073
108090306
87999458
89664795
79600441
92665403
100754245
94627394
98673431
98890544
93429585
87590364
76810300
89915568
98704768
92548993
82938145
88126108
90308978
108937699
104104580
95047904
89433693
79609701
99355830
91345591
82909688
92582205
97767886
95744162
88456169
94389755
105637195
90783834
97204277
109009829
87490342
90239496
83353120
85823267
97175423
109009860
83980536
86900057
87140518
76428008
92728237
86926721
97098911
87505550
93083858
82795898
97993807
98259078
91017034
82601603
84940028
81864135
99680457
90623594
107247023
87269633
90572943
82207325
97245362
77139837
95188596
104114104
84018016
83679335
100980056
85213161
77795853
81322603
101912970
90677111
104943570
108798554
100022736
79449112
80153493
78106102
97997509
108458823
99569554
95437438
90954384
84497426
90874613
76034049
89910768
88327699
86602082
100070184
74857062
91920110
84774016
108696594
104075606
95705848
78856720
93704040
95857311
86351364
87838940
94048812
80849464
108689394
96261563
99427012
81937543
105262384
90328895
98452101
91790028
93895327
91744021
108150330
94884544
88542296
93539208
95711315
85733958
84014984
75467520
102318797
87138062
81322709
97060082
81148822
87576874
89513909
102191998
94178572
86106035
84179611
101700219
88168608
92497178
96682929
83404337
94118944
99587399
108279500
78912931
74787940
81490187
88410527
92320046
95312545
96749217
90277589
81331788
75621202
101294359
91219652
99680497
90607208
94063604
87940885
84363400
97672953
89935159
93715068
76049217
107844967
102091205
108682581
95726608
102734560
96088837
95907254
101436088
108682566
85550962
82174347
107866473
94025913
95637628
95261857
84715224
84619278
86630130
91926153
78853646
101427584
76767644
81066220
91700129
109009869
92669797
108177497
101973058
105866186
84495617
96916916
83718615
86117539
86313371
80405740
75621430
102319078
95108661
98932470
108682555
94132428
93919024
98732468
90379012
79107060
88873345
83020269
83477622
108150315
103078102
89263713
87365360
109009930
76586738
97993053
101507250
105353822
91008852
96036523
98534090
91965854
88450168
82158298
98999693
91933597
93688464
91005738
103836954
97993090
91623063
96683150
91935295
95199605
81862533
83322115
91699605
92434506
76761169
93192959
90482165
90696088
106416791
90904619
102566273
98720225
105768245
83714367
80168483
90597413
98688761
93754203
79391949
93019590
99585295
81169329
75044911
94750168
83602043
80384960
87942429
74324166
93106404
80528004
77433032
95718703
93680537
75734195
92956898
100894354
98668754
79608251
100344170
102172147
87270454
91411571
91220307
88522312
108938491
96936754
86772797
77832528
108256023
79096659
104620446
91046211
97993022
97442731
84351101
74700005
96932319
106949843
74072407
95720858
100332844
87318409
88838723
90187796
102338328
92931768
82208559
84130609
90194778
82088299
90537314
96615799
91220308
79337501
85426971
78021130
83535556
85387446
95270798
86002937
80137157
93209834
95470806
88622381
81732907
99129169
89711143
81792811
88318687
75928940
88476638
88260936
91882926
74721803
81756701
91788782
77679218
80988088
87570308
74416873
88861752
83179610
92692129
84815025
85159745
89190910
86609065
95749608
80842261
96838461
98970827
90900655
79390404
82071371
100099086
85349449
87179402
88874358
94578259
90815446
83857294
108844789
91144927
103257719
83656370
95115530
86067198
88449867
89018062
102396428
103654191
81171480
103699979
90348846
92745047
82948357
95080508
108150324
107355933
91220086
89635333
104138482
99234556
97740487
97606504
90212795
85081931
95210755
85865823
105987656
98451784
94678672
96128257
90152676
95070313
75003358
85891189
98325512
97975806
92608159
90108844
92633438
90142410
94367729
80863225
105262770
83686977
100070208
92037545
83346223
97915208
83990002
94181332
95552066
79415593
81229981
98311424
96185649
96507826
89120977
99289633
82199573
85325933
109009920
96047209
101629868
90474526
84411786
88548140
90329745
92803624
95566998
99672155
103170615
102713631
98047291
99459364
92595503
99407883
91586911
109009767
107512313
94368701
86307172
74797083
97896690
92693973
82185502
92692118
105938712
77187679
101469746
109006131
97376101
99573017
108936425
86655009
75433121
108737138
89204985
96977852
84643914
82165047
87547769
96595216
79802844
89509017
86226869
97993860
76008958
93318035
86909138
96240568
108744752
93759166
106630912
82164333
85017253
81384417
99630911
107355934
98186641
88197349
96543805
108150317
80100766
103526342
94566693
81309441
84262369
91295202
103201513
102537328
85976465
94100842
98076693
86081980
79284105
79233394
93898452
102168017
90201355
75692889
94840028
93505458
103541761
91050050
109009771
89593517
89761728
90113118
97993028
84885733
108408877
79154648
97595415
96728039
98440114
80551650
85001962
89782113
95621549
93309695
94062440
78846570
74801878
86653462
86988560
95478185
80847805
96757902
97448356
102488606
78800425
97997515
100489100
79878474
92415920
80636041
92985843
87567595
75340620
90876679
104952218
99606810
82152935
107977055
89803503
82508683
89699587
87273960
88739524
97257253
107355931
79807968
91877792
87514941
103234102
100881453
86918240
96311777
101383101
84136084
79606694
88067522
93852956
92536271
83469463
104077333
93161215
103560574
82242231
98457729
97993818
92465077
97993031
94906656
91840551
74649705
78184046
109009774
89482870
101175076
86916827
94788353
85342413
102734323
95288674
97287703
89402781
99600800
80186664
91783363
90289440
87729115
82602016
97048030
85477265
89854369
103213821
76839530
79560839
81763280
97992994
93394845
84253596
90465215
77902555
85073952
88208071
83964005
97910780
95101479
85220838
108849648
104187691
74486982
88445903
98143104
88743012
77692167
83172863
93364616
87387257
93304026
91639177
85386703
94477549
91705590
75271058
79565073
76996120
89402613
85103665
81976989
82472133
86221135
90111130
87016634
88035478
95779391
90447620
101235862
83591287
80170022
95213691
100068137
84374579
82854235
103641819
102771540
90619069
89244303
85478248
97166381
99042920
90073130
108067402
108864243
86420937
93313800
96326902
83940339
85471497
94017460
78291302
83974948
88761362
88676219
87900471
84083533
92955871
108739192
97318140
86351461
97734837
102490458
97662838
92022653
85633431
107294673
88728827
92053746
85116324
99215478
82376140
96426505
85386304
93085736
90827547
94197547
108921785
102302818
91181270
95408036
84057023
90216669
108938246
80752580
102753315
104896363
107234012
74746176
95500660
86590789
90551852
87942438
89022353
78081147
81457188
88968162
95319019
83797131
75150446
88032938
93245157
89799765
90928690
81500136
109009852
77698235
87295971
74176662
99947014
90836553
97992593
85159687
93143447
108859400
77797511
86245440
84257846
90824307
83918050
90201356
86391364
75157476
92914620
81680259
96225206
97064441
91978213
89089085
78654738
86629901
84099478
86644532
95551732
83082264
106733770
93937351
101719572
89079597
82784348
93481370
96845689
97681185
77376554
92031798
79395869
97997474
81249249
81731513
92757596
85418392
84792359
84579708
83932735
90613652
92864182
97792594
107895154
92148490
93142037
99574589
89851559
87080921
85530347
96419969
79232908
95589039
97585246
100977768
79703476
96185643
88568938
106330893
86943661
98205669
86313364
101543334
77838232
86544834
100976065
107218113
75193561
79397640
76048793
87140494
91439651
94200050
107289358
74886741
81926805
108667201
85483601
76594853
84792044
96285460
82952664
94183672
81140065
88689514
83149968
98723547
80635206
85733985
86602067
79150007
79862885
75101917
86042758
79484923
102318878
87577576
80921573
92194862
102496704
95261014
98764559
96676130
90454564
109009776
83097526
89015798
94995584
98845980
102606595
105336845
91034915
79154794
86350051
86748244
101277319
75573514
82108438
86528213
102192406
76730010
87996264
95909492
94300316
82957501
77876097
79665126
88494209
102811104
83305277
77850149
75215232
92545947
90884520
84885438
97107294
80346521
83844522
79473008
107741166
94099319
83079435
85714692
105479959
93931240
74072410
97997478
92186788
93587610
82713353
97892417
91778867
105252623
74287326
96983675
94927917
87882428
82660441
92484886
80037954
76471995
90677593
107385509
77941486
99059014
87273658
81560542
94615159
81649945
89735073
87836959
75987652
85320574
85471503
90448039
97997530
90378621
94505048
102512180
88737187
88761421
87269477
96147691
75334787
93881508
107559921
77455068
97993832
75734203
88194276
89585612
87269456
90166194
107355932
108982376
84070766
91366940
99615333
79372613
78370994
93796565
90331304
74363102
92396319
101668706
82633615
85425771
87080309
84689486
97615955
98037108
100953525
98903482
92046713
106420941
99465768
75093063
107194125
80497115
93916125
95186562
86378290
85478247
78304222
78399874
81127596
95920325
92805575
81270392
95796314
89149974
96952211
107704407
86270727
93546551
100449443
84017111
75673709
90205494
95182867
95621361
96378442
103662175
92512118
90110622
91047101
75116993
75905405
79601246
91501409
96115662
78304010
83066686
77708212
85301466
87818900
75373306
103259253
97993020
105197263
81270338
104354126
89830687
95107499
75594321
94487317
101079226
86086750
107423477
84458683
91660091
84992765
88124885
96597318
97100430
108938494
95972702
85413351
79733933
96421234
100883452
83237453
107678850
97715481
108682557
80425735
95439039
79598771
79679396
90613643
82907540
79471889
75041635
108083121
93644802
108148426
102816903
86745648
107525697
90133967
96829514
87179269
83858180
83352677
108682552
95212432
108871773
98868395
106996298
105162411
109009756
100350627
86128397
78988290
90265561
88556871
94348406
86287007
79704294
84758093
97470486
74428015
86211229
74896667
92542725
99416118
92523745
77170179
85477730
79213900
95229980
103726982
78501628
93558945
98150201
75159834
92981474
108147176
82789919
105887020
82108429
87141205
108083850
94589928
95556151
84046261
97626866
93823595
97993859
89699601
84677036
78290980
108152931
79338605
96713744
84453453
100191154
77945918
99130477
80032760
89200779
78736857
94143333
84487493
86645604
85716337
108844712
103290698
98052952
80122888
82935633
103286151
99280450
79608253
77334570
87489249
108356207
84822922
85448741
94820291
108999730
85243340
91764475
108174437
81688558
94625854
75490773
87913157
89986152
86646929
79869621
99420027
91843862
92996641
85249820
82402038
85404940
107866921
76998933
108070201
104943331
87444106
87269487
78850749
94524750
86817412
97152626
87432786
92607391
96426967
106763360
77158893
92536579
103488461
80251826
89291390
92536090
93815410
100567084
108284226
102387541
98102743
95606627
99726175
97993858
100489057
102947321
103949273
88571076
90248364
106474972
91604493
106421914
89953887
94396335
85471533
78482634
86054104
74663577
89815476
107004552
81733500
104966793
95549262
85207022
99581140
81661800
98669154
108844759
108193062
80424624
95005272
100188569
91952435
100321707
82187618
107830654
77777952
95104815
93053707
85471498
87598760
90192569
97508134
84998401
108022064
102765339
84307351
84653682
82498362
89370737
82008261
94420638
83082628
75624490
108062073
78983256
88262372
92324666
82910763
87080303
106948557
109009884
80847339
98303349
74866143
92354148
81871211
95187593
94873629
89046077
94159806
94969374
79390190
96420804
97682858
88080212
102490447
74196271
103282116
105576535
104551806
108964972
92752705
88053720
92030361
97407289
91351384
104388332
98242815
81954674
80994500
80437062
96368925
79150015
92587144
86120261
90342526
94216680
102487671
93762467
107235192
88039191
95147263
104106506
99915162
86615539
87196763
74654790
96410060
96313885
81972104
86104263
83963586
108810470
74521931
85474176
102996020
97997482
98258345
76771006
79197459
93537698
97053636
74094679
78800231
89700910
97993134
81561410
105718241
78215591
109009861
104191287
84495618
82699913
86228625
89962674
85730194
80566511
89149300
90674801
83217251
100251596
80276009
96247236
81550191
87179078
79487343
85331720
77902351
87364804
84030501
96319109
91335306
85325771
84056844
93656499
85786459
97570367
98903843
86932268
81218090
96960434
109009763
74385029
99170558
91828643
95910197
94483725
97993017
90206276
104175272
81972076
96916671
80147714
100145573
93537697
105337437
104861325
92296728
104653087
109009758
103288392
96381497
81477101
85658723
97997484
95064857
92692109
97795435
92917471
90212825
93815986
87251154
88461511
96486303
95479857
78620904
81731026
104204060
83400684
105862550
89655919
92066040
86510475
90540934
83233172
95359885
99079741
99843055
86353128
78506100
76498923
82511773
92639830
77798157
89998800
90081373
86066172
97993839
79897421
90735301
83385275
106894947
86614616
97993060
101437792
92499728
84607021
96901866
92456126
89079414
87227681
84634228
79442201
89114373
87573122
96852866
85471506
92043873
79688435
75691203
108002920
94178808
101857254
87941798
89586101
96949775
76196169
79309218
84696438
78194065
91699565
74513933
87543072
94825094
91208262
83088920
109008455
79220157
82343475
90854428
108412973
97245793
80283102
80695814
103271237
90416596
81271989
84691435
74545755
102946146
75582308
90052428
108150322
94311292
83876765
81271761
87236114
94338970
79939405
108985548
97993819
92479250
75703990
89277848
97549080
89975843
97235687
97037281
83354324
85416146
88724226
85457074
78283709
83583874
100538514
79208247
79556599
99047730
93521653
100844134
87338855
89656595
109009866
106713790
103478590
95750830
108265496
98254297
105144124
101416487
77479896
101775704
88944777
90181265
90927871
82503982
99952243
108682519
97637546
74294697
93629388
81443147
96254569
98837196
96658993
75375799
98452055
97502073
93402173
105479190
109009937
76995974
88415213
94017403
87566709
92720779
82100208
103924555
88868264
91755480
107441659
98937124
97134484
83352598
93674205
95578766
95805695
87655488
93521647
85477277
75225613
83411854
87268352
87218119
90271784
88634533
101884164
108150479
80755231
93432740
91855883
102721911
84759327
82460748
99910278
87273656
101206217
78283708
90489703
103181128
102364353
95310061
97772245
81807798
82108442
97866205
79871364
95069948
90657781
98001410
94688947
86524602
82108447
94070852
79016589
92542498
81730881
108843587
102483671
75907844
84578179
92676736
84561975
103532857
87607091
96857343
90116121
82232502
80287003
84716317
87799562
75618254
81596846
86253357
98442543
96185657
86458886
88809721
102699192
100357907
85334391
83157647
75254385
94177533
87655535
93559856
108165251
108327432
79532582
78647406
98058482
88417519
84495549
89210805
89479499
75624866
101521874
95115408
81619987
102445894
94483202
91415821
82510682
89606362
108181965
86646981
83305752
76921755
102699226
86983737
108523973
91505334
97992594
90891999
85558501
75617228
95069081
85474188
84938254
77215164
108357424
91825256
96170526
78833073
77382360
97997508
99916225
91095566
80313791
99258542
80831830
81218165
103887492
95162053
87034232
90827712
93859875
94046407
81460535
99834873
90026472
94745966
93863877
89236784
96657740
82549263
79474696
89799825
86351739
107226418
95495416
86678999
86099500
79542483
93359068
78187054
82633721
90974134
95326765
98070967
105811374
79728387
96732047
94510246
94170482
94331494
93222298
74461088
93949343
91760637
75625015
80844987
79564552
94851686
80941479
81732206
74616982
95024630
99740118
98688527
105252314
82238804
88755256
95218001
102995998
108110421
84888589
97997510
86924891
75258586
86946970
83391162
80456848
94719780
81732758
92649686
75734201
102701611
88737277
96508895
95508170
96696659
87455718
85712602
81928164
80784008
94371209
87942431
96536365
100271398
99009626
82783811
82352975
108746899
88882193
80349487
97997523
85086075
83521978
78366562
90220146
97997499
89670859
87028508
84932806
96759758
103766481
80099710
104403745
80484670
87282560
78798461
88606024
79441687
81306724
87773986
101670563
95201709
97408028
90722062
77798184
84720887
75625130
108376926
74154348
101016021
76802748
93209997
95584614
87077101
88488949
107601573
101364895
78235208
83457924
79661488
88754242
96750741
100833875
84775766
89286497
92499677
80190351
79117270
93135406
96434298
97699922
98991630
76393994
104868216
78540308
83839159
93099942
89219546
86812430
82938071
80762986
78302930
85474175
80789838
84587689
95133961
98102507
97997531
88568345
85333122
87573393
90277590
97963874
91388195
86548648
94876674
108842140
83356040
96185656
85346415
97108518
86482785
84801156
80391354
87328276
78860694
86122423
98800157
81421567
106417388
94289614
89699580
86999568
87542200
79945289
101489067
99170717
98918842
77795029
93966791
76520621
89854086
76591524
81112220
74178197
83971067
97993809
100875012
95176596
89678566
83543246
96698148
97548557
97152988
96024272
79693721
108465368
87269481
86113292
103725483
99588733
92723282
85366344
81502314
95592241
91864212
80146710
103981130
96140158
103133787
98160979
87940917
96971488
108457866
86079199
96978072
107139500
91951037
92751217
102913444
82981373
91433174
94825926
95217586
91579502
94351865
107263416
92000888
95436991
94200617
80892464
85319550
96328250
94864044
85780642
95266369
86109400
81482618
94391550
74105960
104597652
92685649
92466474
102699028
88178457
96300227
91680222
96261515
82759480
91601512
79517371
99565522
90602429
90577703
100433105
100773351
96612849
83423387
89727623
87034446
108232313
91390548
84685847
89450376
78422393
89008259
102389380
90139649
99415159
96267070
96181261
85799221
77701972
92513491
80038674
86351766
88191643
87192836
78511113
88581103
90349516
81502224
107207975
85484776
81054501
97972672
95004353
101427793
83749700
93656199
108937832
88475274
89361483
85651531
80848042
95092929
77514704
84197076
106947845
95884108
95579235
108214459
86909440
90220148
84018554
95188574
98064896
74799829
86835629
98102234
108613433
90103054
81948931
82910360
81645495
83951547
95891599
93537696
80312013
104944553
76936910
91610904
75102977
79594905
109002621
89887464
95463112
99138598
84495612
98846201
82150791
85476246
92634525
75612983
87273788
92266435
107381020
80070781
88463793
94785973
98236455
92152976
85369135
100550773
79149232
85353623
96750006
76219345
81436167
86054116
85837906
97993831
102756009
95131260
91433062
91784147
96474649
80010453
98683489
93247678
94585301
94034132
86067325
81229978
77084116
98764631
84097944
98979288
87078911
95650596
90990230
79225548
104882616
97993840
89654088
91433983
97278034
99495804
96892276
91095211
94443258
81308463
93917246
106655133
95582290
97992999
100187899
83037903
94760740
81831081
91579544
83615109
103200236
91471816
108938089
96971667
74561059
84970538
79025288
106976243
86646917
85682702
93111844
84622578
76242114
84061345
106789533
96806183
105334562
97544781
94062966
92703526
82780567
90092197
84198741
94500729
80034890
92395510
96642892
100433106
84647318
83196154
98818088
89855666
88833356
74959721
89854554
92166401
98844124
85843041
97148418
95514897
86313423
96111904
80380208
99312839
102135028
97992997
81397835
92864298
92325037
96409431
86191963
105274926
82894417
91208253
94513840
98057198
85235142
82871622
86784390
92973481
90257445
85477276
90465529
80436700
78375368
90214785
89110187
78892299
92396279
83978160
91655164
94235021
84839946
90300581
79831069
103732675
83391161
89355453
79487240
86370052
80066691
83418072
91053344
93371701
88161985
89895841
94177094
85401226
75922423
84977571
91598467
81893163
103999518
92418830
74064526
96439472
82533397
97808361
75595374
84885379
91712414
74873490
92136925
79395905
89587659
95545311
76788624
82376144
87207736
78826793
80445032
98566522
88140793
93101252
79639403
94634171
77674301
81561780
86927741
101840184
86842877
106596300
81730789
93250194
83390845
99020838
75261063
101542730
90111979
89309017
101339517
104582281
89179468
99403435
97993113
99015956
83594832
97511226
84716617
81080684
93520463
82503907
75006422
81037056
83326915
77990726
85471512
80831906
108938492
96354217
106952233
103992988
85293429
81504295
93029093
92862351
91579261
95317696
98249260
93343108
108682540
74817437
96121928
84848836
75490796
106458694
97298776
89543216
97993043
79044780
93671893
85489100
78490639
78673634
90219400
91723815
95438290
89590973
90214413
74664290
98096473
97739066
85950625
96176936
79144908
108937997
83463745
95336223
89299210
95824390
95131293
81308480
89930671
93634540
89573719
81222639
87033930
79996575
103618235
98624175
87338003
80445175
101883410
85471518
97748211
77772722
81392144
81956826
89654286
108945584
83448566
93615362
100950623
91036105
81874664
95659099
77364574
86177756
100637252
97437552
106947801
93081372
87016210
107477424
94788049
100717253
76771956
88892938
79389925
95100778
87819552
76781216
76831032
87431619
83839079
74525163
95819209
101339584
82910460
77592301
106328035
96536532
78283987
95998553
90465269
82789215
99706579
92467039
94441999
89436484
85132441
87314121
96402314
100312607
93140036
109009754
92303177
78931181
77043687
109009879
93816034
78661016
92536184
76805531
86734452
91755793
77215059
84647217
97518359
105457017
105749009
86032156
108875079
74994915
104653146
96615886
94825910
109009755
93430889
95584956
84145538
97606218
78739471
107453041
107757166
108077321
94809772
77809404
76937728
87827064
108698855
94426473
87256077
101427508
90873576
101864228
105273803
89995740
108618963
85870596
87269443
97997481
79466699
85512471
86351759
84804939
74143446
81785826
87232858
89851636
98406662
80904179
109009770
97993010
84429338
93013365
87630306
78659751
84605252
96251395
83830704
86062931
93977154
92093061
75611707
84475742
108870025
84382645
95189979
93366065
90527342
103020147
94170925
98001409
87413564
81652286
92752747
86320935
97993810
98610404
89125316
88128901
108603210
102914659
93775854
96371465
89506831
108998795
103019292
93112650
102806441
101740821
98735281
107225484
99167803
76755084
88480841
75628568
91536951
89582967
79633781
91570818
96185641
90335106
86245755
106394478
95441488
91158349
85664745
82615192
92614763
78012809
89699602
87502489
94526876
84561919
87461874
94027881
97993861
108156305
91582348
93521643
106577122
84373326
85476249
79150000
85994644
88706690
85352273
85627882
98295339
101341166
97977904
82423585
97134555
95766800
82607057
88019028
103888347
108802667
79214528
96423094
82041058
108299153
80382385
78953561
99059711
82464094
83792586
88471267
106662171
76937277
95131272
81308462
96631373
93671898
85931070
85101621
93806534
89190913
95183567
85439745
94585338
101544115
106716955
75145309
82910658
102624538
96279377
86127736
79889529
88779884
85734429
92917393
85112234
90608884
86164594
81640066
86163516
91024841
78540564
83633164
87036440
99593929
76007154
108451134
81315172
75595786
95188515
98437710
87883791
85352420
93767225
96263318
92448852
99551534
81808593
89586217
80255469
80948473
83390843
93044002
92692119
101364939
93264317
99242516
104622555
79462242
84098841
94366508
81021543
85478271
98526602
79599878
87949551
98464570
94699431
88757223
85104452
86198162
100648001
85032902
79212242
97856800
82873670
82949143
82895026
98162185
98150994
82720653
84406067
97095541
79149992
82006594
104879105
96615334
95276051
106354295
93136022
83319455
85636695
100648002
97730444
99049565
77612446
107454723
80835177
79824584
86583376
93155369
75566793
95093053
95362603
87420170
90973443
75663283
92601499
105265071
90453442
82106772
105839497
96830506
91020893
84623198
106583705
81606459
88155005
107351908
83555896
98620334
108174705
94170892
97993808
108054159
104877128
90533874
84152310
105236536
89124602
79149986
92752798
99852845
94862337
94483924
99682325
90737363
77671069
76251971
80400558
104590256
99589054
88653802
94359388
90579078
91767425
81513063
87406332
91944088
87569573
102496723
94571151
93202598
107442118
96155336
99165225
79097757
82582531
81170765
84085064
84424480
99458977
101142150
79609485
97997500
92485957
93108857
89846676
84503902
91933602
107225547
93916860
87734732
108860428
81336764
88638617
76938193
89250130
81512353
75649197
90271783
78634010
78113026
93267133
91417981
83440679
93322298
87872929
94486458
94124475
85207946
95422011
92066097
78181070
76389648
87189437
89441477
95005968
74448095
92749115
102996028
100017050
95188594
89511548
95211170
80325853
79505678
90214112
108744115
100479506
100964950
83614037
93318174
75603413
101489155
93905802
79319523
94171072
89013749
105337145
101046844
79826424
90957068
78315981
97152929
108937898
84572115
80557750
83130419
75067849
100815710
90110880
94845533
107803339
95713927
97997506
86107695
83975507
79465115
98527452
106891277
96155405
97279986
94097604
80346624
86756176
99589872
86273898
87273693
76778428
104997313
86665910
104031392
92614813
90969917
94072616
79608754
107346140
103737015
88728849
86927593
79299634
93527252
91614757
79350395
90078947
85247555
109009777
101220968
103927781
90280444
89416097
108393956
89408071
88927253
92898146
87933572
75617238
85115790
81106740
90995427
97997517
81228050
93210496
102490448
100489056
90229275
80020597
99819816
81265320
79548157
97269093
77854979
89204479
93092252
91783357
97354885
98851570
108930072
80552226
91855709
86561101
82065603
106020201
93610807
81877861
98554035
86046756
97815103
90915133
95557821
86390605
93284409
97524274
77052247
103211525
89523256
96019256
98311377
96743979
81696821
108147881
98293287
97076337
94405033
103973985
75917246
87293664
77068276
89234614
82760058
108182887
95395363
84091856
90212838
101977717
90160547
87143683
83366308
109009925
95527769
79765259
93249120
90489648
108937502
90215006
93054388
84305543
86354617
87481353
79716410
78345212
75336132
78918873
94161542
89937824
81421173
95281950
80055261
93948420
80405241
95477885
107603072
100985545
104641982
83709394
91555675
95579061
108609222
89144084
85032347
76938806
99597474
79021868
82340151
105754150
82490060
88433122
99496543
80687559
97993024
81308466
80312858
88678415
86460579
96429738
88064957
87279821
78607734
84417326
94891849
95219388
80628688
82275234
87080628
77342768
77817116
76202583
77359206
95584795
95904868
94507713
98654964
76711090
83037933
82153951
88688599
89944274
96181260
75668824
93652381
91434133
80172434
97670593
82910618
79852731
80428619
101154953
103980558
81298186
98067617
79774597
86314433
81944903
97845885
87786988
85348059
90812360
88379115
84218999
82356762
94626579
100456387
87725549
90730368
92708584
92928888
79562713
75251626
89722541
96984643
98158636
97057406
78377921
104201138
82922090
79081271
97993855
102700531
75953406
88741330
75240296
93053430
86125987
93698799
89787669
95567316
90814946
79149988
91665074
92183432
104924362
97108148
83130438
84960588
107189134
89564652
89001385
83990685
108696759
86248513
109009928
85258305
84146326
94577446
82980645
90829418
94646335
108810149
87067005
81499391
75242345
103586142
95173670
99581014
75500324
90465711
75459383
100068134
91581788
91303089
80904892
96016511
96388046
94063692
99779193
100561569
85931674
105053181
86081987
96025565
89198327
95716271
94639413
98788783
83976019
108970039
100122273
91501411
99210387
93416837
92479214
109009779
83954604
86353052
91605643
90735864
75184518
76861716
90451351
85836727
83729876
88653890
84910992
91470717
96439312
89797862
94200531
92546946
77522238
87621916
93323413
94503076
78050062
97943252
91418617
89999079
99411897
105367229
85101354
94842909
106350051
101936135
83229567
92015540
84029368
93080284
108684216
81366081
76201543
99644983
82507547
108917316
79448401
94940458
95462314
85201460
108682553
81174455
101586040
84978996
87617876
108228310
79588804
108703746
91342638
82108441
84528296
107060617
87701423
93108655
85076920
85156535
90277982
75159775
97545146
74198415
90201348
79487036
77642779
89983287
105252546
84965250
100489102
91010070
103234981
77010479
102557523
108161847
93435798
84583836
97862553
83942515
92299272
89670839
79668484
91992815
100883077
100007683
84314990
96835714
76611472
102534616
85731933
79506998
93524840
97993000
96334834
89252342
92693376
97096077
96936230
83862958
89471511
93944870
89714870
101429788
94063554
74700102
103731427
85309516
101936128
97997483
80197345
87572492
81287837
98751391
80374854
98845817
92716741
107460502
100489085
100889233
74089494
101911065
82133348
89972069
79092417
107293922
85580432
79595035
81235951
94486580
94569101
83426472
95655905
101302807
75459491
77246696
97974464
93933566
89798327
102214959
95106211
90173502
95445023
87940691
88891436
97993009
93390394
103267354
97434334
87426523
103662633
96299110
99624264
93290817
90116127
92314918
105830260
88215974
90220152
79273297
91888208
94782800
96511978
87004144
82060008
105594890
105086923
107596005
92735119
75494646
98741725
86615190
90099491
102805800
97993826
90431852
77397469
94095965
79679406
84506603
97134167
96831728
96140852
76025478
91805872
81073300
92745015
96940116
88461396
81649068
100937048
93814585
104110613
80530021
90817804
99412150
94118014
94007008
93062032
82359370
100203216
86609659
84951524
106078143
74561336
79137598
78430982
90188048
89944284
85042667
79593883
89949653
76765521
90586917
108280399
101300815
92432105
97992992
102202521
87573381
97286399
95815263
75734094
83582588
87431632
78780709
84866110
108814977
87304312
93655963
93573322
90335282
81771036
94841698
108110817
90469130
103078338
81524557
97383262
80537925
90108944
89428595
82453488
107202592
83830385
80291949
96844925
104206107
92122812
101968000
75340793
83784920
80656729
96596638
104529011
102451370
89695381
84057018
93549506
83271963
98817967
101936137
86046117
93386526
86334511
108795182
79560503
86927898
81653022
104867138
87566892
98607681
91433744
76297530
88131555
81172501
101364867
78504366
81712747
81034536
102200232
97902069
84436211
105830261
93861786
84084662
108154314
97108923
83822718
97652465
84500593
75628232
87467304
102392410
81758822
85525951
74808473
97848754
99002610
98553838
93195936
82363329
99564470
78394647
84821424
99588764
91059925
95416783
74664484
79441694
80426042
103066319
77105054
84905900
86313488
94779965
93704711
90572875
78736276
97617110
90692542
84275271
87605120
77023264
84195970
94713263
80790129
96928965
88763871
94616592
87844148
108629851
76361973
93370113
108637153
101129479
76055841
85034189
95115263
83473362
102470000
104708518
82205618
90392978
108820837
79149998
96136965
74664291
87431620
84262599
81524888
78791113
85166940
108136642
93203002
74382458
90286102
93291355
88045406
79587176
87886868
86501660
98245937
96967515
76477813
92114411
108517945
108114009
96301926
79778832
103176197
98169685
98995856
107836414
82627696
101206640
79222950
107346108
75512457
85081058
87529163
86994317
96595164
94779967
92839193
97861057
94276184
92610856
81668948
86338801
82243525
87901486
88076615
91349335
108072254
75215146
92584830
74610692
85966168
77039453
77314092
105882257
99952248
82732022
100209025
85571188
93131476
103887496
74844128
99012184
86905211
89000225
94520931
77334575
80145990
106336264
85358498
95282739
94002848
86630111
84360778
86680908
92488409
96069861
78480174
81320184
88190189
91021902
90094772
100313008
85092655
82453035
89679588
79150014
97066974
76821325
81654416
101810118
108913564
83085540
86098698
108682569
105262381
90972997
107226780
81508314
102169361
84268390
74660331
92985082
103887508
90918618
80506529
94443790
91850618
78698227
81791026
108960385
80310852
91308297
95019989
94750143
78982182
106958889
89512378
84197690
108081012
100965102
86432860
80191731
86180025
86544062
90905136
97993021
76927402
81663882
98311752
78431507
99001404
87016630
74571635
77390930
80645066
88187885
81730467
79826427
97993016
100162533
89877184
101936091
92053750
80170149
86743372
85472216
94947969
83073985
77494600
93433543
99630818
84625874
78415152
81018834
79212237
105645886
81308481
82108434
89108903
96036501
95562109
94507363
85477266
98647012
90562117
81017191
108869873
99007351
100019723
77291140
90288587
91933599
106958914
87574002
88397072
92099398
78149080
86225571
96223624
94700651
86855615
103609119
106951684
91243714
94595478
84265459
98574132
90050424
85477291
83421984
75719747
97609190
82108426
85038158
85732862
92987352
100343564
104005739
88737436
108593706
89713600
95567566
90465061
90906975
82207566
94666281
91864239
84801058
84085422
81788761
105144424
98700543
76218987
97849165
92153417
74884069
94344521
90497857
75134593
79340008
103909643
92692477
102996026
89709589
105282538
91847755
99470850
95817690
103174239
91500550
96609308
87800291
93166765
90212819
83566445
93214017
109009855
78380266
89432915
90214117
99285921
98911038
98824603
84228702
89711911
87148721
101078966
94867993
99230011
83651820
92552653
88189090
97016984
87490336
81769732
90091482
94750519
82911008
81971303
93225660
82084408
84462980
90548078
87710532
93215724
85232798
83595561
77287407
98223429
104032832
86646972
108152979
92287589
96724277
86747850
96041300
98956917
94485238
89276971
95272092
91657361
94843210
86638923
74394775
102180412
102488848
81080061
95079334
91461482
93159092
97997466
77327801
99480846
91312783
88461607
107442017
109009899
93607874
91579140
102532009
93098325
106382842
108546972
94577484
104684944
85212749
107476647
91055872
83980621
105914650
108967966
92674390
91790654
85957513
87034011
82456253
98932428
97855737
108019803
86996659
81863005
86761037
96022229
91118532
94763160
86750617
98988441
86927449
75187208
97822711
90872582
95230056
93986270
94833254
94103896
99841434
82906069
87621913
98947230
74794323
88482085
97494757
96859018
108304018
78796232
90870633
95796917
87942145
80406210
86051322
94661551
90269691
90727761
90498467
94871407
92612040
74207898
83791908
79592156
89018970
77817109
91841107
86370947
90212801
85671275
91933611
93877433
104654709
87137190
79306414
84444198
83838691
104417611
87141211
95802733
96898446
74893538
92030181
93431760
96092434
90329080
91804227
81474252
87725567
75270222
93283973
108462327
83766075
95807685
93605154
85224089
85819361
82555055
87612751
97031929
108148682
90940181
89689942
86081986
90613644
92552601
85959229
103887498
93612722
85466436
79092286
79149997
81237658
78694670
91349412
100127387
85997366
96476886
92326161
92256124
87902936
87141212
107067345
108938497
96665555
93922241
94538717
78892006
81524618
79189078
94312920
87564352
86467569
79189133
96298507
87942448
83244980
107196711
87067834
91433343
86346019
87799057
95363669
101025845
98650297
85730819
77133643
86912305
103905387
84544435
85454183
93202599
92157946
98812917
92713406
79503222
82017816
81308474
90386187
81833315
84134688
93295711
105144097
81351970
97312118
97135203
89538136
90029998
78736282
83895280
85112418
85119947
82487730
77545983
92779916
81731198
81808941
93958827
92812219
76778888
81293108
92319018
91568118
92962171
75067579
97563581
99084370
91307123
82600843
93135454
93943290
88129697
107306434
104388345
88565670
92405317
74797098
84077736
87537211
103850490
95764507
96509250
107035961
100313403
93290427
81946006
100166527
79679399
91482833
85717670
83752938
98565288
86350986
108784922
101297240
80256708
95659388
103923168
87485363
94861358
81849838
95393193
83360494
87269751
107551722
81659832
107791373
93573022
94463249
86249042
92290379
99420520
91828665
99230005
96849269
89984102
74263047
101979974
75008317
84199565
95865414
81428850
79207447
88268518
99079945
86261936
97476091
92563048
91979011
80003695
84013288
81305351
80105500
94078997
88383040
82912085
78326806
90218890
94265989
80268695
83127780
89563440
88772002
93538050
79395912
83888027
75282961
81351296
78054980
80273856
99275258
95651652
85983872
87942440
104426519
82222867
98655333
108410050
92530217
91487739
83447918
83518727
84011864
84926612
108476453
105900504
104046403
97443267
94943830
81120596
98001411
79603715
90902089
84086520
92745079
89299122
83404340
87038185
94971606
81308461
97563832
84535201
87915014
83797099
108978065
93786826
89365754
91119757
85867669
87012857
95819717
94584859
79448396
98276762
97099900
85571971
94824161
108148301
83259529
80266875
97570374
101867097
84686394
88268445
98682078
90518135
79405776
97519836
95581678
95735952
75718877
86071098
75663417
82170697
93082796
95214087
81632222
91164621
97093872
80136074
89305897
89114526
99588395
109009775
107412605
108946475
108129024
87656215
78489051
95353700
89774578
79058910
85538751
84336451
92170420
104014009
88652581
83332066
79441764
86630114
83991382
86050599
75213428
80013322
103797117
80125657
86842332
75350604
98067988
74664294
95483360
102805856
89225612
87069665
76034668
104343324
91576189
92560358
85526347
85965403
107779491
99672158
89830690
90465160
97997534
86663487
79853335
89763251
100704124
87299697
88189674
90113248
78798463
80347305
106642809
85559611
78735483
93621695
85850406
93068731
77143551
89117894
85097775
76873319
86713940
80033105
97604371
78664359
86440489
96043865
85040244
95909614
88628378
97993058
86248353
75391832
103290702
108007190
88011244
97997493
76049772
97993854
98563843
75649277
107741320
92190383
99601017
84535157
87038629
92528443
88211539
85615829
91410364
87704212
94789225
80879736
87034130
92745144
92211725
107852344
85709994
101445930
108682590
94562951
84591999
81937505
87485346
83319860
98773923
95811660
90883883
109014176
91630334
80442729
96491039
82765039
97993027
94694079
93720967
104985373
94643189
84243130
95807459
95293211
95805271
96159583
87016625
97993821
105791006
93628361
97165207
75494862
107110511
90284017
98537915
85520691
98256294
89493530
90177342
85525969
79474814
83184749
80007734
96321096
93275723
83660568
89935339
86109462
83098763
87158616
91761257
102168020
105868751
98276765
77779185
78130239
94405988
87569582
97978240
96834780
102365953
107700389
91660452
94405623
101289348
74126805
94006789
105145630
76463985
94568338
79382660
96932102
75712897
93032034
79286011
96845255
88762369
90227878
84480986
90300675
92301757
107088428
74605731
86437615
100206047
74050194
88703631
75750223
89152231
97117649
94376710
99631184
91756448
79599914
93378475
89854513
97783935
76037023
86065872
103693977
84583825
88208706
109009839
93943445
84245571
87582392
84858013
91760721
86664383
81812229
97790943
87899438
92867794
81107617
87942437
87942447
99719024
85992295
93365449
78986963
74742066
87800951
93614775
85586291
101339516
106913681
86223951
90413273
99588494
77966685
83825285
95624735
92314710
86783606
76238465
87062993
75053292
92415611
97975388
94110753
98303579
97997504
78745206
86400816
107442293
88987158
80128458
102319110
77391597
78282652
78286941
81321550
84184675
88381803
89146438
90352788
94824630
95457186
79462300
81506239
85305634
87270149
86925530
96268024
77992680
93097391
89910770
80821188
99589912
98312685
95776695
94700665
80299790
104943465
91041480
80301069
77664344
82294603
95625099
79390412
88987244
82782865
90385358
79072341
76996059
91538745
101741059
75617231
101268635
91384450
88650803
76287723
109009864
83089364
101860720
81737540
95733696
85408257
88167057
82881216
88808869
89114366
78891144
85135920
87293606
81202801
82900453
84900472
90206268
74460597
84599071
79427517
81868043
93131461
109014126
103693978
93674186
89088450
94660762
74574189
79936271
89810463
101203766
100610201
78490686
93094727
76757491
76405679
92053745
86215088
93795508
79566569
95153419
108191182
88750202
95751914
96790330
83574498
96531439
84808057
88675286
91476678
80166928
105336777
92803390
80533817
86119827
100257435
94753602
85171370
88468060
86839107
84684870
81377928
102663477
79074585
86645461
101427286
92280989
98419182
76568068
100489093
100332024
107355936
99941671
87501590
84740368
100343748
107332391
84685694
88379114
108129055
81667480
103981133
97917250
98664914
108844036
104533122
108473923
85471520
85477264
86950929
84449207
87572632
85020886
90947805
82108449
82857688
90821294
97705097
95763313
92006130
104878655
96401981
85170922
102192405
89013430
77537464
97862046
79653048
98764521
84516919
97058782
104044901
88723951
76188358
98243911
77023310
89850865
91004345
98122555
100712948
90566395
78754517
96729974
90843493
84784210
97993023
91723783
96855838
83391158
88120327
78930980
77124201
102805802
99680569
81885745
98892821
75512475
92315087
106683570
107247226
79212834
80043371
108147882
89720507
104144325
99235297
88013314
80969588
98921857
104529122
95099032
103981129
94379928
79528924
79578340
83749541
84856430
99631591
90074775
93495257
93098622
95914929
105039606
94771931
90879958
93675999
93084929
81313018
86877581
89112350
83390841
94997792
98853318
81342852
97997502
83101605
93096344
87761393
85285947
75324617
82425128
86101432
96802370
75686498
95797376
88471507
104106110
88242269
96176935
93856928
86427408
85127026
74664293
94344986
96538452
107563104
78550150
99402494
86638952
97499836
108756805
97205601
80945881
89200718
80449868
99109330
79328238
92024704
108187364
92048029
94148264
93533486
94232390
96460362
88618766
95421644
76594217
104356188
104943818
75337515
93046411
81444957
86232852
108738808
81262060
97449359
102734408
102267729
87569576
85474167
102700781
79413850
86003082
92766664
80549196
98726688
84652784
91699540
80023501
87501353
89032177
104585089
94114973
87079152
81371893
76428993
79703741
90112651
82155035
105267507
92628837
99952255
92348208
85390041
108110659
94487554
87941396
86605852
97992998
97993834
87402440
79078563
78756855
99165808
89620763
87233942
92615454
107857091
89968388
79815878
100547873
91754959
99261648
91401534
75478037
82749193
93131451
108153353
86560431
92180998
75513046
104147010
90244133
79293154
85605021
94596737
92692100
92390999
94825207
77116522
85249825
97676202
75712900
88067770
82284283
107788582
84535105
102253728
91561177
99504039
87279686
103154552
83458239
93174622
86334561
85474187
87607880
90857290
94820597
93302005
92053766
84017071
93177565
80505414
81479741
102106315
90212758
87646336
85875655
87087453
94277744
108921454
86366077
78286141
84201237
96316048
99411599
95306870
82323127
102996001
98158825
96931410
105274712
91290617
93201925
83032680
90656188
76938576
105914649
103854451
78780944
90212806
92499348
78781463
95809900
89198613
88831195
105856069
80373174
89953890
81936210
75985752
88468875
102859117
87027956
98896311
81233471
95879685
89944276
93812680
99419946
97993829
89764722
105277666
102059916
86345925
91058843
85471525
78118950
85138707
88426091
102914920
85677063
100489114
104073735
90902539
83774232
85489127
94396121
95309586
75567845
89877179
82910279
83750137
77371471
91589923
105456020
82574841
87452625
75625114
87419874
91288674
85649688
94865075
105748577
95618308
103586150
109009773
86039491
89098605
88010200
77654356
75579286
92053751
95081790
95396001
86598159
97402165
75936404
75803162
100402715
82910166
82722092
87300895
82128036
83120719
80996712
92374117
75656077
98000961
80251735
96590267
84900477
96978007
94072419
107452930
100489111
105267850
82976041
97095542
79458492
95923681
108831014
99130565
83563601
105014097
108806544
79475193
108398011
85612088
90216658
87892920
97740722
86925567
75912722
75678275
93885854
94162094
108046155
84913988
97025109
94782033
90469877
95212108
87576360
100896707
92300554
81034549
99167760
76036576
89269332
102996008
94646959
79727131
95402205
97993029
81262312
88825223
100342412
95049877
94869756
99178120
80995567
92510135
88152375
79595156
87917290
89732664
88487352
97858057
94187678
88862009
78758815
90308600
107105206
98517172
88121772
90942804
92304654
97999441
78506101
101356734
87826915
81521007
100884036
92869043
74399103
99405456
87845215
74799502
104878700
87641289
93628088
93726587
82170780
79192978
82492847
84427755
85263680
90634251
81810887
87505340
85806110
96885482
94185685
108153246
99868973
102519897
84795522
74793431
83330103
83055388
86995079
92979018
83355217
91501410
102127709
94346370
89721215
101352107
102589274
98283482
75597273
93111843
87140498
95543288
87498176
106174629
75375503
89572965
102274393
94628104
103731424
98255001
84458100
91345294
93505213
90206250
95263581
87714143
89893631
97862374
91536910
99594214
102567202
86490530
94914566
77842361
107258528
85001138
78170343
108749376
88747108
86218051
91290058
76801014
80528742
94839541
87062935
103858493
89699626
96035525
78538109
80071047
86344706
99629071
97109006
101585308
91598645
104581934
95734312
89875007
95997069
75218242
92954960
87231649
83614058
102265722
86601083
95263582
81093628
89407990
75692974
75510349
79150012
87294265
93861724
98674722
89839415
85875061
90959229
90991238
76594881
99581532
94270319
94518041
78800430
88389666
79007511
94050742
88596923
91936283
94920750
92507545
87142090
91433538
79394831
109006409
81601835
79335456
92926657
78719684
83707847
91965913
96863003
81926845
82911526
93439761
94007793
92139271
97557538
91438897
89403561
103479381
86314432
75734197
91537858
82453355
108359781
89305261
94815202
74107671
92970213
102699314
98205612
101427061
105844658
91382974
87660058
83509889
85461911
82945078
77476395
81974297
80781801
87154918
101416567
92692107
92689168
84207793
88945991
106319279
80919849
108252791
85226650
104417606
108925812
75281101
95336851
90212794
92691694
103980585
76808096
97916538
93371403
89112667
99574623
74674202
92236741
84639650
88406648
90654862
108150316
78738366
78171524
102308657
80541394
75267473
101236055
98321497
99179757
79242804
93208897
103887499
97110312
101427676
81792166
79273779
94773414
102908729
107338689
93814589
77916505
108833884
78666398
105830262
96433827
95916524
82375440
85841311
99466251
97891460
76644985
76036582
84580560
94151638
91981004
89842136
84800348
78543865
74443521
94625758
82033137
97442711
84136235
84839579
97993851
101240521
89733192
106465590
100913380
100868782
92362660
86231611
86463320
96101521
94715847
90615362
92990898
99952257
83989683
93115289
88522463
108129027
85121903
100313858
89798026
94434075
108185128
92523538
94322434
81746209
80039265
86646908
82467801
82244080
78300903
87293352
93217730
92614935
93702172
98193818
90401026
74592608
87942439
83356241
94983025
78194064
80195084
86351493
102324397
97494368
85082298
74508616
85006811
79218775
93201149
95722188
93118327
92692116
81752861
94795847
83633668
75734159
88379113
94031014
99355489
76484854
94650363
84065409
99591047
76430378
94780501
93878197
101293633
94745965
79415602
82723635
93222306
83307469
84768265
97759880
74790495
96533305
86046048
90476801
96288027
86648842
90895476
92768389
83876399
85132104
103754687
87155693
77363366
81666893
85840458
91628046
82577402
96659801
92953254
82747885
91677629
79989832
105991297
96988094
89363276
74984505
79684411
94892039
96376003
75453757
108026565
89474518
80844249
104417603
93674612
92668141
93657905
92043794
99692953
86923659
94062363
83217254
101250767
98138711
79565406
98742191
103962328
84222872
88398728
104789641
95720699
97893288
80339857
82108436
84018337
85360541
102322940
88974834
94350977
74828751
93164875
105287252
85638152
87578056
108090501
99615165
74158738
89764823
90582138
91095629
81270487
100037107
103118577
100427766
108682543
97087893
85004868
77412256
92549096
97997518
77329133
91015082
80607877
89473136
97491847
103980559
81636633
81591824
88569341
108368407
78184218
83613913
77432409
86358404
91518279
84459707
92607390
89893585
108544557
87805592
76922988
81212801
107412502
96162475
96103817
85153721
83991380
90214409
80903726
82490827
107716384
80346470
79733930
84478263
82046333
103887495
81308484
93952902
107453689
82352132
107005054
90720755
79212189
96311938
79969516
86368567
108864908
80363683
96172253
98941138
88360777
92632840
103840784
86077980
95128885
81503279
92810451
86931797
89833902
85555843
89683457
107857092
89100345
97832248
107458528
78260515
107728252
83782583
89711878
75069679
81665729
81396557
101212016
77838251
97642424
84170756
87419873
98097428
86004356
79204310
87037827
105461603
108585930
97992600
96287191
93891342
82778146
80134522
108150464
90321092
97993079
90179630
86654486
93542964
96085368
85503165
86558529
84729512
90904688
91090244
92609531
80869284
89529633
98001412
83234162
87558337
91093171
100206211
85049121
87419930
101639051
89249645
88462390
82628903
96258946
101183856
89512367
99292613
85926794
108682562
89743050
77465680
89386010
86366084
90338750
90700941
86615450
76024351
99588949
109009904
80170635
87576229
93489400
95887697
96439507
95236419
92667331
85478245
86998397
96036491
79607984
77284070
82907913
94778083
91479684
80113068
90675305
108682559
90698957
100552597
90853745
108844407
96956211
103002564
90948625
92680518
82688454
74590897
92707339
102059284
77546073
78928919
85933890
107272874
91877241
85586665
75649173
80597038
98822750
97591495
86322759
95915264
79138608
82910252
94746197
102721741
101431867
102996024
102520355
82319305
77771060
92804377
79594908
79296873
79415617
96258698
88368406
84597382
79242383
83548845
93113968
94093862
88617845
96420946
88026410
88237386
90694382
77713689
103708673
88741663
74801877
107508313
84161242
91912482
84059881
86680224
98444215
82287590
77665866
93490929
108938490
79570152
88449738
87942455
98081312
89857892
96725622
79600174
78548766
108836028
77690771
82318160
84622766
81526473
84275719
83572801
91651741
100648801
96615017
86324818
90549032
92536517
97568010
93725518
107299009
94086875
83354083
83930961
99044292
105563973
99991202
93799347
82415915
88274392
109002898
93626095
98556014
81795339
96381084
100025800
96553492
75540013
96949298
101356642
85477287
85416779
89017526
84780778
102411814
97181087
81639017
95617085
97779965
94148018
95134018
91216358
96802371
108783331
78674191
96637206
75732584
81729514
100248851
96470499
74529148
84882943
97670045
92457679
108152882
92748810
99007030
85042527
96185658
94717883
86125614
93593805
93521652
93634047
95350979
94177331
91766033
98389314
81237939
87020102
107833311
90407310
84786317
79120461
80969587
83889020
84484040
87303723
96269994
96360538
75500914
93282562
77449564
76594981
95259956
107015556
80642963
80727123
99574446
93494083
108178428
108871307
87419261
77233956
82381488
87033608
78451999
89981135
77084968
105754152
102734332
90290611
92325036
87511375
77111649
82537691
77449588
108285911
91308299
83997124
96931636
84643837
101846211
106881876
97590163
102333980
90737083
86345467
85476254
79597750
84742372
99631473
87641667
78322245
108520962
80201084
90677205
75899002
84814107
103066637
91282311
93111840
77949796
105337103
90108297
78507679
88258145
87041710
78107207
108916831
78884974
92752679
99629802
108154145
87070116
85736763
88865172
74828335
91715187
108765506
76937088
85758961
76783010
83242970
87277536
92802120
100497857
91465636
93664029
87799384
88228082
79356457
91604439
105564957
79758212
97580647
86745398
94985760
74176302
78431400
94588467
89699591
93672590
80071166
90212854
85895538
83880216
89553017
91050440
87501835
87362754
90212830
82614778
101784840
98469805
91780187
97616056
97676200
100529811
81388185
95817692
94542777
74132347
95183678
102966397
87474863
107080372
96298543
89635475
104814311
104419986
85064856
108682501
88499067
96510019
86082000
75008419
84827578
81641819
95178433
86783086
100253202
88263329
97015030
81373660
91829596
91066374
89434448
79459786
109006990
94253969
90284022
81459756
107995027
90951353
84969484
84740026
90212797
99952242
98734750
83751569
81056589
90624591
90228479
87758769
98935559
83615200
98148394
95100627
78821932
95817706
94406112
86208753
81232591
79660966
102430601
78737064
99630643
84867698
91806910
81396407
99631363
90212835
84834755
80972708
75509118
79826431
82753144
95818152
88989608
90601582
76182079
80228503
92600727
86000752
89710146
109009932
94759755
89720874
93880687
91654504
82698736
97328605
86131566
108222636
86046428
75651193
89013397
107300565
107004218
105778337
78522503
86949944
103645452
104182815
76707567
107880344
97515065
97438018
99241802
83679342
88094918
86614663
81512268
95005570
90582216
79242806
90791116
87560596
92183468
92800695
85345766
88182979
97585375
85248723
80171800
109009772
95619438
75219306
101878893
91399350
77522253
108666077
95459800
97384034
79024585
79537072
96949041
99852828
92692122
82151697
105277084
93113642
80275868
80416665
76607666
89930418
78942054
94011615
85427804
102275234
84430924
77686898
97141181
78153531
83369334
97993811
97993849
85547733
97567512
87571922
79361033
90195355
101356660
88592841
83576265
80657192
80821986
87061981
91633093
86600128
76462981
106378871
88769770
78607352
74952797
79076687
90446643
85106130
81293095
107394891
86616723
81609815
87857741
95411748
84931354
100879167
95421656
87834145
83603471
95777787
81272259
93246213
108392154
94974939
85726557
100150176
98210593
105262774
89268860
88570877
103163526
98567717
101335660
84194159
94255650
102413805
77142518
75513174
90610814
109009782
97619893
91208255
84478266
97512726
104764796
97993862
91902534
91080931
83116376
90413598
75475444
100719218
107977054
80313613
79016867
88961025
78829474
99726697
108938496
93614777
91984166
103644987
95064689
97921963
94527119
94988081
79732268
104069718
87888317
79561213
109009887
92374176
90446138
103972899
75512100
98979995
74098818
90842496
87576700
107807734
107370387
85850413
85474184
94676780
85819460
91420734
104846522
86601710
78055602
105199275
86351093
98223590
109009809
108139861
83547598
93657290
80245537
91631586
90026196
85475546
90280442
103951692
87244915
80560932
90644519
95820172
81709983
91790646
98401087
80197987
108612149
86247681
97479420
93805526
92985437
86358304
87319269
93073924
93716095
90268166
97993125
97376102
80284689
88448150
99615261
91675860
95497000
78187055
108682004
101279648
105199446
95298398
74960179
93091924
81769951
85975900
95203607
83133256
98402134
85248739
92010511
82297180
86127990
89714122
81717821
94841563
75344181
94626940
92312909
76812841
101724760
97490620
85709289
81857460
93966660
81340928
86485050
96439531
91454075
93118910
83063505
98001415
88642213
74797059
81117810
79150009
89370185
100489059
104617228
85032341
99171043
85345992
99630888
94572300
95706434
87547965
99614754
90437968
94738653
91208263
87285090
99460425
108937658
92170535
75514312
89178161
87484766
75508338
95279779
97730114
108936552
88631649
83928258
94535568
96745762
107457436
91579399
97424285
108369915
94606796
79006753
80386062
108886150
93559876
82659749
106356043
106236691
85471496
84021692
103703848
75692063
85665813
99225139
92467040
95721788
97235035
93118891
75090904
89267380
74326481
102938010
90643231
82900930
84002043
79395898
86614613
84002768
94070649
82232161
77449583
94350072
93299899
76755088
77014666
76935021
85931760
95503532
97993015
90269971
83516524
87085310
80737183
104386559
93735375
85467658
89994474
75435954
86935523
93135829
92844677
80052895
103887490
93520754
99142296
98259121
90968783
109009764
92521089
87421724
86613725
101957550
100795990
76487453
87031226
89025020
87496835
90329576
98428399
93888143
88456900
83789826
97134826
80144007
84900478
77821649
96561600
91141858
101223280
85018180
77792211
88892629
102055942
84034782
83721668
79346732
87293533
97603195
79724872
91022300
83149906
87620457
98649578
93281838
91740951
77550963
77546006
98162186
92488810
83738426
108247186
95115016
81636592
97993930
92700764
79703740
82430339
84784878
87273708
89401010
108175348
90743167
103833140
75008486
87629890
79732334
92638051
84408986
89951236
95541616
87365432
107354105
90854956
92634532
83576268
100554292
95437787
107347748
91203138
85471504
94344909
76850088
80196984
84478264
95188581
88780152
100736007
87648484
102913950
84792560
89376347
89605158
106814804
88641690
94927160
100273644
79552933
92752772
102488914
93966926
81858509
75190808
94001017
81458135
105167766
78849902
95812559
89406407
89324180
85474192
90613639
97997505
109009902
99230001
95309533
93777348
82117043
74664298
78387334
94364473
94517556
84071574
80567398
87492750
86835572
94700681
84624947
95599382
92876359
96742367
94028997
76596494
90814894
93590904
87323784
96979010
97993019
109009801
109003743
80977706
86338203
94777870
80829482
80565480
105839500
94210018
97597223
75491665
103840797
92704999
80366663
78049762
80408913
90814270
90212574
87028386
86458098
108081008
94889199
94404187
84475925
81272314
94629087
92228992
90189499
90882590
96616772
76182924
89721229
81742068
88343077
89955480
87942457
105622162
92614901
86499132
74234478
108455651
91933601
84848616
86927910
107434581
99420740
98366959
92845967
91829638
92606740
81986249
92860866
82899961
98251068
89148896
95347102
80687930
91078430
78928676
95436996
82868533
86363010
82882115
80831965
105456944
108081010
90684663
101499964
106522626
102318967
77449558
77449589
92624590
89039934
93430521
79603259
76799978
81543544
90905212
93293410
101681676
97793441
75681516
82276035
83944961
98732543
90552921
108833623
77367564
88747105
84639529
77848110
91626370
78780952
79477912
92575391
90111728
108761905
102610254
100489112
87051060
90465596
83380409
98112827
84379626
78751328
94483280
92366675
85755443
92581275
108611310
92116665
80996606
99311661
97993856
107905232
107862964
108842106
96185639
85809577
83354243
85581885
93741623
106676267
93108497
98764516
96028843
80153491
95467841
87142091
102340070
94513768
92053796
82910350
97921658
89473788
80779022
81612534
97117690
81652395
93138414
75880474
81479495
94130224
92179851
81439008
86924568
94154046
80420652
89424860
106120725
96830754
107195665
92314870
98122318
77449581
94062942
77817576
81133721
83942336
97997485
84807154
99171908
76594839
98216842
82501853
93239552
97185190
92638305
76693835
80844430
94627041
78166341
97964090
95338804
102648958
87493132
75513338
75218261
107317540
84832297
107280899
79051186
101894798
88990669
92689701
108852993
93228475
92181127
91138788
86741803
77386779
92358501
107865254
98583162
92866540
75116995
94841244
80228724
95702560
75568767
101636512
107771682
96509802
84310729
98741705
87187384
82598209
93670050
87744608
98900383
93083436
88374037
90002555
87039032
91785616
93410255
90465102
83156064
91535724
77129243
74664296
99630765
100193203
91005853
77686976
88239830
86913947
108308877
86646936
97997467
81585984
104742281
85471519
81976254
91703856
93031824
77231048
92861383
95336059
97903292
79719347
97606611
96421250
87071719
93117571
78737927
108491792
82797198
94382934
74684077
99132964
101678734
82211693
78130806
93322162
81715144
78491109
95259944
98931205
82151569
94178149
105100973
78301194
80845362
83991383
98424543
95713908
102873339
107006982
97719328
82451804
87419870
79037935
81023307
101361561
80244744
81794786
103905380
86247063
90186540
94953877
76908357
94772467
90451147
98132264
90799198
99725119
98829521
86567891
81654510
94774755
103840791
88380283
92678485
93211380
84955709
94834265
89944285
108978280
82911119
107318088
87984252
88848650
80668201
78747663
83058502
96049559
108682467
97993001
99411675
91309649
85444413
90806259
104293063
85476250
85055369
107441970
74600336
90951867
96887700
86602076
86128646
83144696
78823872
98512911
74415471
101372597
93268347
95059116
102616841
82513778
77813601
97997524
93803742
80246893
108835651
79799036
96303112
96607615
97984209
102805825
104417604
79606080
84406776
82731144
86595156
104970336
82780724
84826977
107868221
79827899
85041605
93876898
90465886
90256328
98801948
90500427
79395867
82097456
95222499
83828493
107201419
92127377
96034400
85211791
87269458
79608775
79109829
101093200
94775956
88471365
80196223
86057907
83992830
92709890
85469170
85248893
95103461
102019085
105337298
88353038
103736752
94135910
85486770
88735515
108645517
92296854
86810215
92598924
75624428
98366893
96298780
78730591
86245754
81784980
108738399
91208256
81347824
93643127
75512495
91659784
96205379
78313451
83255472
89079181
104380599
96861024
93997316
95880758
91824570
84461288
80440949
77642290
83390848
108841056
85496385
80137815
84129995
102194911
85301216
88444640
108262141
86717059
92456929
93650021
80405794
94652635
82937904
76358679
108544217
100850352
88379107
102756105
78855661
93704688
77834768
90703377
97843450
75514510
94150703
92769754
98219743
82713413
83613975
79411726
95053312
94068970
85471492
107426765
75734144
109009875
108682545
90999911
79718136
93286894
96613503
82284279
108910337
83737306
96720497
90101677
80008627
107655164
97863578
93437225
94814635
86084809
79592155
88637779
95502251
78364656
93091611
78870195
97338642
92479086
88464036
94917615
107274471
97579813
87609967
101738157
74316354
91589305
95221252
96609133
84647272
108908394
92683570
82106637
87291286
99258700
97412617
94488260
84130703
92325035
108913527
82597998
79189131
89854684
88529521
93302041
93644902
89013964
97856803
95932756
104073232
84125323
98830606
97997490
108345950
85340014
94164357
94653890
84744303
91063630
81106150
97993038
94390186
84746785
74085675
88831346
84745454
106201630
87941197
76809870
75490780
87259839
89182668
90542810
81629162
87928603
98304589
88849790
97657763
94140950
84489032
94125675
83354156
81465976
88469512
109009751
100017041
77236583
88379111
86350116
96288190
87273678
94786180
98032991
90403655
92927408
80644843
89104476
91987296
83202461
86851782
81544012
85340087
79213204
93101853
81061495
80474296
85211809
99033960
95603235
103586986
86862877
81007756
109009905
86713963
84741839
91601025
77910699
91274853
94472822
82614761
88024584
88723679
93390386
95440629
97417316
96615409
88571326
88130504
93521655
96553274
83620310
84057021
101429771
84122848
90432249
78942056
88463699
91635380
90296361
92175859
95210514
106302605
84647533
94158770
87365489
83721128
91698893
90565658
88280922
89972096
81576101
96439682
75095220
90282181
79869675
77282845
87669165
102334804
101131661
93810081
98850201
95928539
95253967
93843589
79304122
85587275
84076849
94721605
103981137
107595208
92954581
94004163
97730105
90598461
93670065
78432846
85400910
89456544
82108461
79066992
104783077
90932894
74344074
82153448
83609457
81266587
83593194
98286179
93049969
101571006
84562956
88899610
89699593
89709295
88697213
86924423
81738968
79544865
92615003
89496872
108609496
76123050
86766358
87552615
93801826
87486228
94269500
85525425
99672159
107762999
94258315
97978157
94070973
80296925
85248143
80831932
84283243
108820337
88871741
101155563
96651240
74905839
79600136
101780638
79770277
98001404
87309766
98894904
88421897
81238292
92852569
85381980
97997492
103923169
94231989
89839413
77554593
91761242
90817658
85680768
89515622
90392397
97241960
79278028
108348173
90903733
90905032
83032619
87586942
87062540
97117815
104945215
86314238
81080975
96500844
93054393
100104168
83373551
76060719
79321036
80334561
88818337
78185447
103439801
100937627
108543681
94864820
87748205
83853583
87061849
84973875
99875409
87339943
83100236
85996516
94806922
104111477
77816411
82108451
97024905
85275355
91331335
95720851
108686496
104122448
92048293
89253916
91255441
85512066
94512115
92692125
106433543
87499111
90188298
95621197
89125118
80366962
86092898
80395908
81576193
91462049
108057228
89916890
97997533
94029663
88146287
78857527
88885767
93606923
96423977
93286057
95050930
93986283
88724227
80050867
90212782
88124127
90216671
78730896
94468119
83574249
91799851
81510766
74100521
89450510
108675713
98653418
88868848
80746286
89622340
87746483
81789986
99257102
105791460
108896370
100869446
93080035
80832039
90285750
84199567
83590049
95818095
88214019
77096334
84936779
93720313
82910790
80245327
101489115
78601270
98423624
90277897
82948803
77472489
100833081
78859224
99090611
100065742
108278779
83475095
79780641
98773887
88116586
92314731
97067040
95437792
77449568
80773840
107294714
95146271
97077394
84409016
94395238
85471515
97047690
93068596
86083079
85997656
94490434
89716395
93239496
82359021
81807796
95628983
87952087
81371899
90215554
80313510
100321166
80969595
94188152
99555919
95220575
87004100
79700934
75717263
96588096
94643951
74287780
78736754
96256324
87568614
89711919
75966171
97321483
77076656
93158167
85960383
79265223
79446249
81038537
97509171
97348828
88421594
87942443
87163520
77328752
92465734
79279116
80035091
103174615
97189716
87043030
86923425
97740223
94062396
94064274
96175976
90156620
77014003
95114687
80446460
80683985
94533222
85375076
76656225
81004980
98438360
86778533
77833875
92757631
87078847
102774818
77128143
97997522
95716905
97590164
84061265
80689298
82309007
75930909
90316595
78343687
80198266
101857245
92360721
94787422
85411493
102753090
99994014
101446635
96690888
98577513
86260948
98190744
101902423
87483468
97400637
95647778
90772816
100185118
109009907
98366980
83931898
95360812
83883793
95796359
85891043
90577762
93595910
95093897
79071893
92898759
105460396
96757876
82831964
108243181
94204143
86313370
96589502
97669602
90558171
93514734
108985739
88571256
95582620
85403044
86043409
90773590
91716876
101439953
83037907
78084460
94171114
101936138
79223104
98708231
90814896
92986772
91783458
77449573
91956623
78828453
78011468
75628547
94464709
83179840
97993004
79324101
98205602
104066975
100904896
93150814
79275175
85477275
91660320
91783305
99402840
82763736
87664797
86412524
91646322
76387227
85217929
88919742
93176673
97297905
86609122
85074749
74571800
93621739
83551930
95624551
94405034
86474727
81803493
87352101
77690687
90465956
93846707
85125819
105811326
96375185
95316187
107063420
83090559
80039263
93078622
95365265
81005477
84556362
79331278
95250346
98419180
102998898
98094926
82780260
95420698
86275328
94025780
81469773
83325423
87942453
80071084
100032753
106010691
96185634
86498055
80432083
79984251
105636962
100489095
105228200
108929838
90000433
84166177
76498914
82343634
79608248
95527185
99594495
97293273
86420877
84717242
79150320
97993833
95275109
74564262
79602777
97900617
79165601
83930887
96618925
88012837
98578238
108937311
85752390
77688626
92164931
86874127
75515764
88820449
108937932
85650686
86092654
96242087
80199301
92259399
78262748
86654694
96383627
102323064
91855836
97997470
84750784
94539357
95235173
107123691
80937719
84624158
83576267
76794177
93815980
89254852
75712898
92624066
75628665
84776383
75624837
94685778
80246762
89587755
80538184
89699627
82386822
90194486
94215836
84647382
91253829
90371058
96424803
77957214
75514130
81731461
96394622
78654251
109009760
75513670
83889961
97772241
81644814
79489818
97106477
86880925
94785974
93604513
77916501
83955998
94415079
94500032
84495539
89473597
108666731
80832079
77938907
91579013
97677867
83217618
95411746
80536958
91671341
81930242
77448843
90735075
97318234
80339862
98001403
87892296
106336103
103154551
93594799
81399156
97197536
77793529
95439822
92209014
85017323
90343904
84241467
81521194
81516202
88000246
86602071
92782325
93222040
80157519
99530077
86618065
79483719
97031465
97993068
75649527
88008856
84217825
107229486
103659561
101913181
107058517
88391615
100099085
99970658
84075937
94993628
87268426
93959008
75478836
81731455
92047769
100622686
95423712
91271856
87587931
90214411
87780180
90212784
92692130
79098052
82302353
83027184
92233603
86807095
87437899
97570375
109009788
92945587
103149427
93313794
93517015
99266687
82108453
103333224
93250133
90811690
108042934
108521143
79608245
104036417
97185820
90465655
85877915
92418407
81203846
82875106
87942426
79150021
94482144
104489482
77971724
89411183
78054811
85559018
91660229
93843517
91698993
97993035
75536657
74825490
95617928
109018400
104152869
89065178
108137231
86046347
98436756
96278656
79565170
108385389
87600325
102581018
79952128
108046188
79642313
86933656
92243988
93675709
83741498
81025486
107294015
101427459
108717277
94151650
103479383
96500902
79716411
101367568
99824755
83465214
107272865
99509608
97109305
89016934
80274712
89252786
92625812
84812590
75127541
95262001
79284100
80953342
102340097
102267267
91655854
79607337
107426674
96181257
104061841
93521646
92384146
84780113
84563225
102692599
95561976
86667410
88411637
82870450
83864837
90682888
90614254
80412248
80982571
99673149
99412071
98228852
95556709
81271296
88878457
94885151
79937250
100457419
103314879
81337463
76196566
104723032
80728838
86081999
92692110
83180711
93547897
80951629
77342388
87371858
102540146
97280303
104228073
90893317
88464464
82910490
76939903
104007226
96799237
92812839
84197667
90132406
89236204
93971557
82094730
82463209
77295908
94107022
76026644
91669073
102709224
107924438
86876254
94637412
83829973
91087190
83044658
82242393
87365030
92608768
87680730
93101057
89727971
82671775
96258902
81922809
77328662
92855991
86686047
75242174
82003039
93626748
87758808
91855888
95279543
83234253
95775732
96687466
96971743
80324890
77808731
85469179
80435960
109009778
89103576
90215301
89532982
90082497
90621031
96065533
86332152
74519584
87892805
108628079
92716297
89190099
100558039
83810135
79560949
93060713
97993844
85728932
82121433
84333425
108792362
85958976
90195176
103932848
99758457
95131295
86800237
87356880
83073909
93542566
106096304
90329832
84840557
85474168
88674431
79458488
108822379
88340786
108496976
75734143
77786557
82910551
102770056
97997498
108154177
88315964
87267709
105262575
99786636
82059117
108623434
88213659
79767831
89620509
83889885
99666926
88307478
86544631
92457680
78376613
93869469
88875441
81515805
93136740
91812895
87942452
93669993
108666212
85444440
95188571
80252161
94639239
90281446
98945775
89186709
98142736
99906115
107517192
75131635
107846614
85475551
86083082
88379112
107338777
85239904
75563159
85225437
98337488
86137673
91699261
92422501
86340017
85073313
83961179
96884142
81860784
82309883
85458293
86716106
99398477
96168823
100332436
83357862
87445894
79728304
87091241
85936927
109009882
80496458
99590044
93424010
89658674
99985330
78529866
103248176
81606147
75712888
86998404
84219288
107309272
82875076
75862808
94995765
94732468
89863372
102608811
79419996
93159274
90140036
88930512
91111916
93396078
87384449
93308490
97993842
82599449
94062252
97993030
88383786
83217624
92926445
83709939
83899681
97108549
97997495
95802910
89364114
93462775
94382670
103840793
93268346
76400826
92153489
76185796
76007367
76273252
105576607
84687445
103078072
108109453
91020138
78268580
99274867
82294893
102366837
107180810
96749250
88258437
88040020
99026720
83316119
79596529
88977872
98493558
85711916
96312475
108000097
83252044
106954576
80186735
76636000
77986127
79204860
91119984
98670199
83934489
108075775
88262924
83186750
91614982
82557426
94745964
104155590
89008909
102179993
87426320
102798510
98801916
91949123
79415627
88904791
84647457
93286333
91581577
82480104
95102381
98120452
87291210
103639595
97697895
83178116
95061390
89064835
84942129
104354119
75782097
85490666
100023811
80504556
107207978
81308476
95307549
94741557
103333216
86456554
92662110
102392487
104354125
99262106
86797125
107864376
105788027
93887574
85956607
81767635
82212336
93629438
99574327
79566568
93596774
93660716
84784852
82108435
95317780
86889693
87692811
90824129
90906578
108813150
80504565
99697014
90122133
75907369
106142466
90099220
85876293
98011758
99414585
90172062
84928045
85865749
95925022
82861469
92469921
105541578
78589642
101543335
93430896
78942053
95438222
99506526
87081640
91399337
85571339
75282621
99952018
83355881
95085212
74478728
107340830
86467702
105262366
78290445
103840788
79151807
82863348
85258893
82032101
88310660
103908635
85029748
89485590
95265900
89719243
80185434
103260479
82054197
97147530
96729792
77179170
98930138
93417566
81351236
93300137
104225271
95753669
87348073
82933742
102996005
90190699
102999144
87565417
89105157
98093390
96041324
101336499
102319725
98882295
102085557
97993032
95331879
84518793
88885283
86083077
87444283
104039152
87351776
92475395
86614660
84895390
109000822
91898735
99010094
80047155
82122308
83673746
75553107
89735732
95137215
85979936
97255080
86743318
85458312
99137401
94345867
91519473
94063460
98995802
105986671
93958900
97590768
105536227
81818435
91180302
78635213
83967443
102996022
83320084
87195373
102144818
108154264
105199664
92870387
81612116
82933278
79869200
81272823
97993812
104833090
93723917
100824195
97997487
78107334
94742772
78136624
93313802
79601711
88057369
97542418
87989422
95618142
74742065
99044562
95760665
85359665
74519087
104773415
96845908
93031488
97478396
79362460
94306763
84886031
97942497
90693650
102913856
97993848
74380219
85469172
93646562
108645253
99460802
103213609
78866391
98488851
96612518
87383493
79679401
87749299
93287306
96077520
92499647
80011445
79337061
107345077
92542389
74301492
94728285
97961140
78503044
104314891
80265490
90776606
89711974
95587554
80064905
98001402
97117914
74561565
102251613
95491397
79078004
85471536
79164860
79483469
89490374
87419877
99722491
91045503
90983767
98654037
78934117
95006144
98564920
77746130
85036571
84463553
104833093
85007702
85296902
80241309
98230865
86090210
102165751
80294672
87649500
78657394
103011032
104206281
102874578
87989674
80187542
90579414
92016814
89795956
93086434
99153012
79553995
84599613
89981586
90702829
96809607
81665236
75986439
81525544
101257528
95712279
105778342
90107000
106608049
94524884
90212810
87269848
86245760
92814763
79814511
87323951
82376265
75088119
78445695
95282074
91090246
95485990
83116361
86175322
85893675
84491952
93086167
92311518
95074479
96344064
86646961
96725602
93083835
80519734
82175104
104051500
83352839
95230388
96650685
97187140
81612213
88327687
102021292
107207977
93814588
102490452
97610037
88647896
80313990
98764633
107191358
100508493
98858223
77817112
81748455
100397313
86313367
97993007
100433110
103234114
97993843
87838687
90214909
85955466
108067668
90725895
83838725
86411863
81509678
92111802
88987071
92692102
89553025
98459640
103251867
78462378
90882786
87836961
101857247
96044335
77327821
74457874
94507780
100460118
88023360
77635301
84608556
76187634
87327922
86630142
94154109
77848111
79483479
105887018
88354633
86500350
77458235
84368752
81894999
89944288
99970668
90814936
89521146
84009962
98222527
106650679
79092497
108018266
91208258
97454386
107229972
89161833
108148564
94761842
79700875
91720803
93197541
106755704
89162170
93353704
95153753
80434356
87297461
97992993
89999575
80615994
89620594
96306215
75928181
105839496
97189621
83647527
91789596
85477281
105267657
102413556
108717597
99416296
108937772
96028553
91721586
90101495
75358660
78256044
96026737
105123363
75528369
87899249
81044412
89012611
79051266
105337314
88147846
101427325
74237229
104887652
94405035
96500721
94271252
81731609
79242377
85471538
100284854
102137750
82275050
90595005
85350727
95252614
81117506
99581584
105949032
101976420
98628246
109009796
91771081
99327106
91578958
85469168
97365108
93734243
77555876
79041287
95081319
89868614
84771026
96434457
93325460
94628309
98927858
90763398
88483638
108765398
84474387
79212238
97298877
81959346
92529210
107314592
92693635
84901005
97993822
88186981
94762701
93135638
89859582
99402399
94203651
82506431
74399024
90158607
76189297
75278659
91920547
95877741
103981134
75005358
77449556
75136733
98732341
102886055
94146847
78084457
91815781
77936666
88335257
93702945
89079061
96263026
102446352
93918604
104620116
84139844
88867904
81892721
87573318
85361388
98401875
79544868
86144298
90552397
94952531
97880468
92259489
84072273
98998382
101236950
99952245
85549441
78987323
87758658
75758620
75642767
89699635
82633839
80445293
92503043
87896760
93521644
94510683
91944089
85102024
100188582
89954943
106388553
108067196
93005618
93085155
83354832
78351035
87047574
90348962
95106794
84255559
99088930
87437729
78012981
86265400
75085988
86877739
93521651
81027801
103639599
91828724
77827097
89706148
79558952
80314201
75398298
96959651
92153531
76209556
103290703
84981254
90477227
104524623
82089557
80472263
94974766
93040711
94125083
105337321
77047161
95521294
89346474
90288615
89699605
91480355
78101699
75610665
75913179
91069206
102996004
94461624
107989565
95659554
90498935
107860201
89403803
97563609
74885227
88379109
95585266
108459450
97298707
77539988
83217619
91198520
90285755
98698387
78912911
79282814
90242829
106565012
94661969
93491204
75233474
97063485
82669655
86626428
78105592
87556938
82164854
108033450
99630684
96942737
96830609
83877157
104044865
93285153
107395290
90737908
79603270
91788194
95962602
91724232
98236422
77215520
85956774
99415914
91457499
91679525
80310330
92282901
107922968
97452493
98421443
81730312
76914843
78520199
98311381
98676599
79242382
79312313
79347575
95131263
98009070
88188850
98853339
84967088
100194220
77784586
82093731
77901565
75364593
82164592
109009783
81237660
99507671
98040887
74893527
83504136
74666556
94597345
83636626
84111760
79058903
100520481
76395690
87224843
94178404
85843974
95699873
106337628
94665003
79077868
93590956
101119228
98545844
108470524
96438453
93135172
98103544
108919564
80997138
90798774
105979177
75396642
99904184
90111785
96715523
77550065
90486669
80406561
77936636
89699628
98147134
106030508
92422008
81688557
97297052
97034089
95107219
90078807
84315606
89755614
85166982
85228092
88260301
80117376
74485923
98401709
95579732
75565254
93768113
90449893
83395846
88639225
91864387
82569004
81381928
93293221
95266536
103560845
100017100
81498048
79058909
93158495
85750026
108161789
92742328
79051062
81004064
87937148
74203656
106037977
94342030
108349319
97997472
99303335
101174999
107784531
76622024
80505674
74340858
92153769
77708618
90444154
78782794
97993823
78398215
105251942
80731252
87573383
91026726
98978766
92919969
105938711
102771454
77063265
96328895
97667767
76394549
95796866
106712707
101367621
90841000
108975789
86924407
94157443
85718837
80805132
106887374
82304003
95291847
75807117
90101691
98116423
88949289
87586188
79602157
77982370
97988445
86922875
84172209
94017418
92594322
95684301
94070926
84900475
108147880
84770583
81518126
94030479
90690004
107984193
95332909
77023320
94362401
94045399
86657656
79243741
96839749
93863874
90713527
81860828
92676733
85895090
84838125
108939648
80535031
93843681
101416533
97997491
93520316
91880605
89794125
86524755
86164827
92189385
107953115
88522720
80107022
97690786
93220458
89630892
106881998
83593188
82052583
94647772
96962131
85474159
85595667
106099030
88897979
83473386
82568881
85200056
94405030
90814953
95115185
101921378
92843358
93046927
95769601
94180909
104417609
79595281
94243953
93973247
99882397
87419869
89929623
85193119
108938247
103287007
83002084
79149993
109009823
102577362
78881376
89803506
87570629
103483277
86497741
81330477
96597050
89372784
108938501
89765044
88138740
87786673
75685458
95713972
83675600
82765034
87268106
83634480
95213935
80554639
88312324
92627478
103962309
80989188
85474160
75104290
93873546
83456708
101777803
85003308
102816168
82005394
95226895
93186739
103887506
95082821
97793929
98303641
84631225
108839098
74320625
83356866
83646067
81161390
89318711
99159254
89709218
94871058
79596528
85762391
107235286
96712860
87228394
97117736
87510675
85721598
95337592
87942446
93897014
89079477
94002419
85565527
81870669
87939072
85469174
77784493
107458978
97500455
99857238
86937658
87407653
79330415
88167288
85994206
105397944
78185213
80356214
84136633
85488264
108766189
109002255
79607333
108938495
86614171
80066704
91201960
104684864
78145820
81395698
101367708
79392513
83573983
107446412
86573096
92614862
95114765
98254525
102860483
96349230
81308468
80248482
97117724
82108089
101800824
92981280
80175101
81272919
97730184
91360340
84535078
103963730
108647205
86351679
90984821
85475547
91760893
89517528
93518726
93068434
81977822
108219040
82214621
81107749
82612734
102245374
97648927
89929966
102132008
93670019
75801036
95595318
92147798
102572691
82375192
104197760
85876440
89023351
88270830
108075029
107351413
86544408
87318234
84245383
78133373
93005613
97093358
87862979
86245756
79670813
85017250
79390505
90812354
92987151
97619913
81863428
74772030
84934978
75610687
83388674
90465006
86794490
95429930
93309388
75159672
86081983
92479388
107088509
95833135
82721911
99008553
79039270
77785201
90904977
79212235
83050945
108682547
87456552
86458682
105777860
90901677
75983599
97566690
75369841
92412923
86927177
84889226
108938249
79631261
81788517
100098173
81107419
75242706
78881037
104670854
83278628
102894095
98144186
78723426
94871844
85471537
93657126
83373680
102179650
95302581
76425283
99711269
101375684
77404184
95726713
102026558
97011557
108937579
101357219
90099054
80273666
80055346
79826318
81204884
90052555
81168322
79831217
75211442
78069825
95604118
76430389
97992995
101364915
88757238
91443827
91437450
95916682
94284617
94131979
97170853
81862160
74049910
107295423
97108837
106417141
87805269
107915156
95914222
83354399
102996010
75512579
108429380
77276846
79693734
98649541
99952244
87596720
96316135
87502349
97169288
88082205
107821597
109009765
86368641
78761680
96677159
84804656
78648253
77836107
95849110
77854977
92053744
104373569
81109080
102702525
93510901
79688292
78480180
79485207
92321713
83737397
76619514
89112594
93800334
106120514
85251311
104615967
108567075
89239503
90342213
80269071
99907217
75624751
84234852
87461147
91570551
98982772
88961285
84549240
107010973
96185637
87598828
87995209
79149991
83082714
91759672
92728975
80168480
106256779
95497366
86648848
98617041
96957930
101837005
106431260
87785011
99241497
86339733
103850489
85861980
91795882
96213574
98091756
95348965
87490337
97496707
101364828
92847007
89861976
102383878
90158305
77688630
92699412
82690891
88029732
103751470
84022446
80757003
94396565
90740471
86646868
92320361
76694471
90313232
107295488
87269474
109009781
99230013
87761236
80297219
80398270
99500400
83390846
89711976
74698775
100029128
74101626
103659986
104418832
87599546
93146754
84762602
87486752
86247330
88114293
89441435
79268307
102201836
96923906
92052560
102335384
97997473
93526191
95911766
108861353
100322521
93222299
96442406
88723861
79564960
88940661
98624204
97946729
85475554
79535290
97285928
97264057
78235715
108778768
84600241
77665364
85529452
77849827
97993120
86992438
92093110
80562902
94815156
79603319
97442750
99478404
82793779
78823873
87445614
101936130
97997480
108546071
107312801
92603620
94834669
93066713
93030623
87398110
91310286
86701330
96631617
79596614
97844000
102324537
87463932
92783962
91579325
93259963
90945993
87866584
92549300
88325157
84794384
83615062
84518159
80346747
106519388
84496712
90112158
75997256
88453684
74525482
94626645
91107590
108682548
93091934
75624986
96598429
103182005
88752428
100489107
85589618
108069860
74204433
109002164
97048196
85096361
96002991
92653561
90082216
80028774
75218265
90824737
87621902
76898130
86024254
106916629
84088572
78949025
84319703
107442171
82173864
87022940
86225532
87474720
81549322
80801176
105262382
95485911
80996577
107836235
87806681
81734536
79082890
88468805
83676570
85475555
78146785
85865713
89944290
84379971
92614968
81779804
100889575
92757435
90735330
87174630
82930791
93302077
94997507
96282502
87194621
79538737
89485316
85060066
98105984
108393115
80679387
105336644
91957425
100023290
89309113
92683010
78534093
108316103
89308162
99551465
75575951
100100530
100869597
87080304
79149995
95879989
97604092
87141526
89360932
92843818
84098481
86247428
93103203
83897832
82492499
